        ?column?        
------------------------
     13310.000000000000
  1076.9230769230769231
  6715.0000000000000000
  1909.5238095238095238
  6785.7142857142857143
  1060.6060606060606061
   651.4285714285714286
  2250.0000000000000000
  3493.7500000000000000
  4971.8750000000000000
  1271.4285714285714286
  3105.8823529411764706
  4014.2857142857142857
     58228.571428571429
  3316.6666666666666667
  4339.3939393939393939
  2433.3333333333333333
     38050.000000000000
  2563.6363636363636364
  6480.0000000000000000
     11116.666666666667
  1548.4848484848484848
   845.4545454545454545
  1100.0000000000000000
  5230.0000000000000000
  1690.0000000000000000
  1185.7142857142857143
  1570.0000000000000000
  2341.6666666666666667
  3987.5000000000000000
     89675.000000000000
  4250.0000000000000000
  6200.0000000000000000
  8814.2857142857142857
  4220.0000000000000000
  1825.0000000000000000
  1986.1111111111111111
  2118.7500000000000000
     14770.588235294118
  1291.3043478260869565
     23414.285714285714
  1760.0000000000000000
  3218.1818181818181818
  3706.6666666666666667
  4571.4285714285714286
     12500.000000000000
  1742.5000000000000000
  8750.0000000000000000
     28257.142857142857
  3587.5000000000000000
 11140.0000000000000000
  1072.5000000000000000
  2523.5294117647058824
  1926.3157894736842105
  1754.5454545454545455
  1592.5925925925925926
  2716.6666666666666667
  2260.0000000000000000
  1000.0000000000000000
  1863.6363636363636364
  1800.0000000000000000
     37580.000000000000
   573.3333333333333333
  2544.4444444444444444
  2739.4736842105263158
  2318.1818181818181818
     53050.000000000000
     31477.777777777778
  3153.3333333333333333
  8166.6666666666666667
  4760.0000000000000000
  2216.6666666666666667
    121733.333333333333
  1005.2631578947368421
  1621.7391304347826087
  2033.3333333333333333
  6825.0000000000000000
  1383.3333333333333333
  2013.3333333333333333
  3542.8571428571428571
 10125.0000000000000000
  2877.4193548387096774
  1915.3846153846153846
   331.5789473684210526
  1516.6666666666666667
  7070.0000000000000000
  4387.5000000000000000
     18933.333333333333
  3668.7500000000000000
  2596.8750000000000000
  1065.2173913043478261
     23850.000000000000
  2580.0000000000000000
  7666.6666666666666667
   762.5000000000000000
  1102.2222222222222222
     17177.777777777778
  2000.0000000000000000
  1327.2727272727272727
  2514.2857142857142857
     22328.571428571429
  1923.0769230769230769
  2500.0000000000000000
     12937.500000000000
  5725.0000000000000000
  8750.0000000000000000
  9100.0000000000000000
   969.6969696969696970
  2933.3333333333333333
  4612.5000000000000000
     60076.190476190476
  3825.0000000000000000
  1060.0000000000000000
  7077.7777777777777778
   392.0000000000000000
   753.3333333333333333
  2255.0000000000000000
     18275.000000000000
  1275.0000000000000000
  1430.0000000000000000
     42761.111111111111
  8219.3548387096774194
 10750.0000000000000000
  2684.2105263157894737
  1284.2105263157894737
  1255.5555555555555556
  3494.4444444444444444
  3648.2758620689655172
   466.6666666666666667
     15950.000000000000
  3723.0769230769230769
  3264.2857142857142857
  1410.5263157894736842
  2152.9411764705882353
  2159.2592592592592593
  1933.3333333333333333
     20650.000000000000
  1147.8260869565217391
  3655.0000000000000000
   914.2857142857142857
  1350.0000000000000000
  3318.7500000000000000
  1915.0000000000000000
  2990.0000000000000000
  6472.2222222222222222
  4277.7777777777777778
     22700.000000000000
  3196.2962962962962963
  1308.3333333333333333
  2025.0000000000000000
 11750.0000000000000000
  3511.1111111111111111
  1550.0000000000000000
  2250.0000000000000000
  1380.0000000000000000
   835.7142857142857143
  4516.6666666666666667
 13800.0000000000000000
  3428.5714285714285714
  1989.6551724137931034
  2123.4042553191489362
     24143.750000000000
  1650.0000000000000000
  6033.3333333333333333
 11300.0000000000000000
  3900.0000000000000000
   313.3333333333333333
  2141.6666666666666667
  1348.0000000000000000
  1780.0000000000000000
  1563.6363636363636364
  2077.7777777777777778
  2733.3333333333333333
   980.0000000000000000
  1947.0588235294117647
     33726.315789473684
  2047.6190476190476190
  3647.3684210526315789
  3100.0000000000000000
  7657.1428571428571429
  1030.0000000000000000
  1477.2727272727272727
  7000.0000000000000000
  1011.7647058823529412
  1333.3333333333333333
  4342.8571428571428571
  2163.6363636363636364
  1604.3478260869565217
   658.8235294117647059
  1600.0000000000000000
     31925.000000000000
  4850.0000000000000000
  9388.2352941176470588
  2678.5714285714285714
  1416.6666666666666667
  3734.7826086956521739
  3575.0000000000000000
  5977.7777777777777778
  2465.2173913043478261
  2850.0000000000000000
 11433.3333333333333333
  7175.0000000000000000
  1757.1428571428571429
  2200.0000000000000000
  2673.3333333333333333
  2400.0000000000000000
  2771.4285714285714286
  7468.1818181818181818
  2572.9166666666666667
     17900.000000000000
  6726.6666666666666667
     23988.888888888889
  4712.5000000000000000
  9500.0000000000000000
  1950.0000000000000000
  3823.8095238095238095
   273.8095238095238095
   970.5882352941176471
  6975.0000000000000000
  2840.0000000000000000
 10600.0000000000000000
  2569.2307692307692308
  8866.6666666666666667
     12686.666666666667
     14622.222222222222
  1263.8888888888888889
  4838.4615384615384615
  1364.7058823529411765
     25650.000000000000
  2900.0000000000000000
  9225.0000000000000000
  3036.3636363636363636
  4588.8888888888888889
  4182.8571428571428571
  1596.0000000000000000
  1142.8571428571428571
  1887.5000000000000000
  5150.0000000000000000
     51525.000000000000
  4627.2727272727272727
  4473.3333333333333333
  3495.2380952380952381
  3687.5000000000000000
  5544.4444444444444444
  2221.4285714285714286
  2290.9090909090909091
  2440.0000000000000000
     27225.000000000000
  4010.0000000000000000
  1214.2857142857142857
     21600.000000000000
  3405.8823529411764706
  4675.0000000000000000
  2090.9090909090909091
  1613.3333333333333333
  5211.1111111111111111
     25433.333333333333
  4669.0476190476190476
   729.6296296296296296
     11319.230769230769
  5169.2307692307692308
  3540.0000000000000000
     16833.333333333333
 11433.3333333333333333
  3037.0370370370370370
     42766.666666666667
     19450.000000000000
   950.0000000000000000
 10433.3333333333333333
  7765.0000000000000000
  1466.6666666666666667
  5983.3333333333333333
  1313.6363636363636364
  1966.6666666666666667
  3533.3333333333333333
  7576.9230769230769231
  4453.8461538461538462
  1477.7777777777777778
     26333.333333333333
 11450.0000000000000000
  1984.6153846153846154
  4360.0000000000000000
  6825.0000000000000000
   723.3333333333333333
  2642.8571428571428571
  6200.0000000000000000
   650.0000000000000000
  1021.7391304347826087
  2320.0000000000000000
  6046.6666666666666667
  4250.0000000000000000
  6450.0000000000000000
  1400.0000000000000000
  1246.6666666666666667
     22537.500000000000
  3146.6666666666666667
     14590.909090909091
   293.7500000000000000
  2500.0000000000000000
  5041.1764705882352941
 11133.3333333333333333
     21968.750000000000
     26966.666666666667
  2317.6470588235294118
   877.7777777777777778
  1087.5000000000000000
   395.1219512195121951
  2308.3333333333333333
     20040.000000000000
  1538.8888888888888889
  1629.4117647058823529
  1713.2352941176470588
  1736.8421052631578947
  3205.2631578947368421
  6337.5000000000000000
  1110.0000000000000000
  1469.5652173913043478
  2566.6666666666666667
     16314.285714285714
  7620.0000000000000000
  1083.3333333333333333
  1838.4615384615384615
  1846.6666666666666667
  1240.0000000000000000
  2475.0000000000000000
  2529.1666666666666667
   903.0303030303030303
   758.3333333333333333
     10840.909090909091
  7511.1111111111111111
   495.6521739130434783
  2133.3333333333333333
  2953.3333333333333333
  1716.6666666666666667
  2711.1111111111111111
  1822.2222222222222222
  4147.0588235294117647
  1084.3750000000000000
  4900.0000000000000000
  1388.8888888888888889
  3626.4705882352941176
   468.7500000000000000
  8113.3333333333333333
  1502.7777777777777778
  2563.8297872340425532
  3520.0000000000000000
  1878.5714285714285714
   850.0000000000000000
  1906.2500000000000000
   820.0000000000000000
  1535.2941176470588235
  4906.6666666666666667
  1405.0000000000000000
  2581.8181818181818182
  2452.6315789473684211
  2025.0000000000000000
   821.4285714285714286
  3938.0952380952380952
   950.0000000000000000
  1027.5862068965517241
  1231.5789473684210526
  5216.6666666666666667
  1031.5789473684210526
  1617.6470588235294118
  3366.6666666666666667
  1364.2857142857142857
  1556.6666666666666667
     13980.000000000000
  6820.0000000000000000
  2030.3030303030303030
  1763.6363636363636364
  1862.5000000000000000
  1470.5882352941176471
  2909.0909090909090909
  2800.0000000000000000
  1994.1176470588235294
  2621.0526315789473684
  1302.2222222222222222
  1075.0000000000000000
  2114.2857142857142857
  1426.6666666666666667
  5683.3333333333333333
  6727.7777777777777778
  1662.5000000000000000
  5233.3333333333333333
  4187.5000000000000000
  1742.8571428571428571
  1714.2857142857142857
   461.1111111111111111
  2556.5217391304347826
  1472.2222222222222222
  4125.0000000000000000
   715.5555555555555556
  5700.0000000000000000
  5950.0000000000000000
  3172.2222222222222222
  2275.0000000000000000
   867.8571428571428571
  2160.0000000000000000
  3262.5000000000000000
   616.6666666666666667
  5383.3333333333333333
  1478.7878787878787879
  5587.5000000000000000
  2760.0000000000000000
   806.2500000000000000
     16412.500000000000
    38.8888888888888889
  1807.6923076923076923
  6166.6666666666666667
  1150.0000000000000000
  2736.3636363636363636
  2750.0000000000000000
  3650.0000000000000000
     14266.666666666667
  2464.7058823529411765
  3354.5454545454545455
  1277.7777777777777778
  1700.0000000000000000
     14831.818181818182
  2740.0000000000000000
  2893.7500000000000000
   645.4545454545454545
  3933.3333333333333333
  1490.9090909090909091
  1620.0000000000000000
  1316.6666666666666667
  2058.8235294117647059
  4460.0000000000000000
   627.2727272727272727
  1160.6060606060606061
   980.0000000000000000
  5150.0000000000000000
  2516.6666666666666667
  7100.0000000000000000
  1975.0000000000000000
  2028.5714285714285714
  1915.2173913043478261
  1412.0000000000000000
   867.6470588235294118
  1900.0000000000000000
  1666.6666666666666667
     13966.666666666667
  4380.0000000000000000
     15616.666666666667
  3480.0000000000000000
     19522.222222222222
  5025.0000000000000000
  3155.5555555555555556
  1025.0000000000000000
  2530.7692307692307692
  1600.0000000000000000
  2128.0000000000000000
  1700.0000000000000000
  4008.3333333333333333
  1827.2727272727272727
   950.0000000000000000
  1942.8571428571428571
  2723.3333333333333333
 10337.0370370370370370
  3473.6842105263157895
  4664.2857142857142857
     17750.000000000000
(463 rows)

